O 7.15 5.92 8.25
H 7.64 6.65 7.86
H 6.93 6.23 9.13
O 2.78 7.24 1.62
H 2.08 7.78 1.99
H 3.19 7.8 0.96
O 4.03 1.9 12.2
H 3.09 1.9 12.4
H 4.32 2.79 12.39
O 7.64 8.54 6.01
H 7.74 9.44 5.71
H 7.06 8.14 5.36
O 8.7 12.2 4.99
H 9.56 11.93 5.29
H 8.74 13.16 4.96
O 1.41 9.12 3.1
H 1.67 9.84 2.52
H 1.75 9.38 3.96
O 6.51 5.26 10.87
H 6.59 6.08 11.36
H 6.12 4.65 11.5
O 11.6 4.9 5.78
H 10.83 5.46 5.79
H 11.72 4.63 6.69
O 8.95 2.45 5.18
H 8.8 2.86 6.03
H 8.31 2.88 4.6
O 7.43 4.09 1.28
H 7.83 3.47 0.66
H 7.98 4.87 1.22
O 11.82 6.71 1.97
H 12.28 7.55 1.91
H 11.67 6.59 2.91
O 1.71 5.3 4.91
H 0.84 5.0 5.17
H 1.76 6.2 5.25
O 0.92 0.08 7.26
H 0.77 -0.06 8.2
H 0.94 1.03 7.16
O 9.13 6.09 11.16
H 9.27 6.36 12.07
H 8.19 5.88 11.12
O 2.21 10.53 5.59
H 3.17 10.58 5.54
H 1.96 11.33 6.06
O 2.41 2.93 7.94
H 2.89 3.74 8.09
H 2.9 2.26 8.42
O 11.17 10.72 6.18
H 11.19 10.2 6.98
H 11.94 11.28 6.24
O 11.89 0.68 9.55
H 11.3 -0.06 9.73
H 11.34 1.46 9.65
O 7.22 11.68 7.02
H 6.89 12.54 7.28
H 7.79 11.85 6.27
O 6.88 3.25 3.69
H 6.6 4.07 4.09
H 7.09 3.48 2.79
O 8.27 3.39 7.8
H 7.57 2.77 7.98
H 7.83 4.25 7.79
O 4.31 4.98 7.81
H 4.06 5.37 8.65
H 5.24 4.77 7.91
O 4.13 5.46 2.9
H 3.41 5.07 3.4
H 3.78 6.3 2.6
O 4.43 9.01 0.17
H 4.61 9.81 0.66
H 5.26 8.54 0.17
O 9.81 11.23 10.78
H 9.75 10.68 11.56
H 9.0 11.05 10.3
O 11.84 6.67 10.58
H 11.44 7.26 9.95
H 11.13 6.08 10.85
O 4.76 11.83 1.31
H 5.67 11.94 1.6
H 4.63 12.54 0.68
O 11.1 1.81 1.23
H 12.01 1.84 0.95
H 11.11 2.17 2.12
O 7.98 10.01 9.08
H 8.14 10.45 8.25
H 7.12 9.6 8.97
O 0.24 8.46 0.15
H 0.36 9.22 -0.41
H 0.22 7.71 -0.45
O 10.54 11.36 1.49
H 11.2 12.04 1.37
H 10.91 10.78 2.16
O 1.34 2.56 12.04
H 1.13 2.92 11.18
H 1.51 3.33 12.58
O 0.47 0.68 3.77
H -0.39 1.09 3.82
H 1.03 1.22 4.32
O 7.92 8.54 2.89
H 8.16 9.4 2.56
H 7.0 8.61 3.12
O 10.0 7.32 4.43
H 9.23 7.56 4.94
H 10.21 8.09 3.92
O 9.01 2.35 12.01
H 9.35 2.47 11.12
H 9.78 2.41 12.57
O 0.95 9.67 10.36
H 1.86 9.4 10.3
H 0.99 10.61 10.56
O 5.46 9.15 8.27
H 5.33 8.5 7.58
H 5.46 9.99 7.8
O 3.4 8.82 10.18
H 3.99 9.1 9.48
H 3.86 9.03 10.99
O 3.09 5.85 10.04
H 3.33 5.72 10.95
H 2.75 6.75 10.01
O 1.53 8.02 6.04
H 1.11 8.16 6.89
H 1.37 8.84 5.57
O 10.36 3.19 9.57
H 9.53 3.21 9.1
H 10.94 3.76 9.06
O 4.28 7.51 6.36
H 3.33 7.63 6.41
H 4.42 6.57 6.46
O 9.73 7.88 8.96
H 9.15 8.64 9.0
H 9.38 7.27 9.6
O 5.75 5.54 4.82
H 5.11 5.13 5.41
H 5.25 5.74 4.03
O 12.39 4.56 8.44
H 12.74 5.39 8.76
H 13.16 3.99 8.36
O 1.48 5.1 0.79
H 0.71 5.63 0.98
H 2.22 5.61 1.14
O 2.17 2.5 5.1
H 2.19 2.56 6.05
H 1.83 3.34 4.81
O 9.11 9.27 0.12
H 9.64 8.49 0.29
H 9.28 9.85 0.86
O 12.1 9.09 8.13
H 12.66 9.33 8.86
H 11.37 8.62 8.52
O 4.83 11.01 5.53
H 4.77 11.87 5.11
H 5.52 11.11 6.18
O 4.73 4.55 0.52
H 4.22 4.79 1.3
H 5.63 4.47 0.83
O 6.91 7.75 12.16
H 7.14 7.29 12.97
H 7.57 8.43 12.08
O 4.79 1.42 5.11
H 3.88 1.69 4.96
H 5.28 1.79 4.38
O 5.47 8.6 4.02
H 5.21 9.46 4.35
H 5.0 7.98 4.57
O 3.78 1.03 9.54
H 4.2 1.5 10.26
H 3.24 0.36 9.97
O 2.04 11.56 1.91
H 1.73 12.28 2.46
H 2.99 11.64 1.91
O 2.12 11.97 11.22
H 2.32 11.47 12.02
H 1.43 12.58 11.48
O 11.27 2.92 3.86
H 11.63 3.53 4.5
H 10.37 2.77 4.15
O 7.56 11.17 2.83
H 7.89 11.49 3.67
H 7.7 11.9 2.22
O 11.05 9.7 3.7
H 11.96 9.52 3.46
H 11.08 9.86 4.64
O 5.99 1.63 7.46
H 5.48 1.76 6.66
H 5.35 1.67 8.17
O 7.58 0.01 0.27
H 7.7 -0.5 -0.53
H 8.04 0.84 0.1
O 8.88 6.51 1.45
H 8.56 7.16 2.06
H 9.74 6.26 1.79
