-31.52169406
-31.5738967
-31.27248162
-31.13931615
-31.79196845
-31.44983931
-31.6024563
-31.65506884
-31.59442542
-31.80765463
-31.28334407
-31.32266362
-31.35448813
-31.34537508
-31.2373676
-31.54646754
-31.24704828
-31.03967119
-31.32754405
-31.37205395
-31.57083302
-31.49957178
-31.90802624
-31.66918304
-30.75789655
-31.21871186
-31.41728706
-31.26771944
-31.37459965
-30.80531271
-30.77350543
-31.38985852
-30.99350748
-31.15705636
-30.81853525
-31.2980231
-31.40613975
-31.52557285
-31.40741254
-31.4341267
-31.39277579
-31.1703657
-31.38576808
-31.25613136
-31.40463622
-31.77337411
-31.04935368
-31.70205844
-31.50756439
-31.18368577
-31.63858189
-31.51088582
-31.67589012
-31.76498159
-31.32352571
-31.35856989
-31.32190346
-31.67785414
-31.29402877
-31.02514471
-31.18523675
-31.62110688
-31.05873911
-31.6796429


