     -75.42607424 
    -75.42484735 
     -75.42022625 
     -75.42433424 
     -75.41854301 
     -75.34240766 
     -75.32750592 
    -75.42625768 
     -75.42164380 
     -75.42491543 
      -75.42095778
      -75.42511833
     -75.42043888 
      -75.40028889
     -75.41638361 
      -75.42029841
      -75.42280657
      -75.42254196
      -75.42852358
     -75.42462911 
    -75.41872484 
     -75.42212831 
      -75.42384967
      -75.42105779
      -75.33058647
      -75.41691102
     -75.42285893 
      -75.42251362
      -75.42452299
      -75.42553661
      -75.41956055
      -75.41980366
     -75.42080412 
      -75.42150235
      -75.42678519
      -75.37845807
      -75.42297435
      -75.42444862
     -75.34881513 
     -75.42356308 
      -75.42342289
      -75.42721916
     -75.40630345 
     -75.42309602 
     -75.40563163 
      -75.41590351
      -75.42489852
      -75.41677967
      -75.42120182
      -75.39685125
      -75.40632282
      -75.37920137
      -75.42311575
     -75.42535323 
     -75.42069787 
      -75.42024214
      -75.42399001
      -75.41560394
      -75.42670707
      -75.40769417
      -75.42466593
      -75.42443303
      -75.42488996
      -75.42218836
      -75.39463480
      -75.42351274
     -75.42304775 
      -75.42223418
