      -74.66257003 
     -74.78054334 
      -75.10273751 
      -74.66330722 
      -74.79048510 
      -76.74073016 
      -74.22679327 
     -74.38869852 
      -74.68924510 
      -74.47046030 
       -74.83107995
       -74.72561661
      -75.38101286 
       -75.31339086
      -75.06362454 
       -74.99125013
       -74.37525518
       -74.61084571
       -74.58631444
      -74.17484986 
     -74.69721181 
      -74.86568307 
       -74.80974879
       -75.05526402
       -74.38764923
       -74.78170750
      -74.84063493 
       -74.75936030
       -74.35832248
       -74.75832047
       -74.98683723
       -74.73026580
      -74.48089845 
       -74.84793446
       -75.20502832
       -74.19151209
       -74.60318081
       -74.62143035
      -76.45871975 
      -74.63812275 
       -74.27264239
       -74.67043323
      -74.18941674 
      -74.45205062 
      -75.66228633 
       -74.79961334
       -74.00193151
       -74.42177538
       -74.30353386
       -75.71887340
       -75.42099574
       -74.20649706
       -74.64922962
      -74.57964498 
      -74.77654731 
       -74.62058827
       -74.95356549
       -75.55292584
       -74.19005086
       -74.72608675
       -74.65545452
       -73.95075997
       -74.59068423
       -74.68155799
       -74.32384698
       -74.33289795
      -74.37467754 
       -74.78513662
