       -74.45704925 
       -74.78916716 
       -74.65302600 
       -75.19623126 
       -74.20701930 
      -75.50645507 
       -74.82780889 
       -75.21689795 
       -74.77846631 
      -74.83789398 
       -74.68861685 
       -75.34028081 
        -74.68508671
        -74.75498093
        -74.47608732
       -74.75086232 
       -75.24526071 
      -74.80522369 
        -74.48498856
        -74.67391807
        -74.95592595
       -74.78151264 
        -75.15229470
        -74.61101457
        -74.75620264
        -74.70423617
        -74.77785113
        -75.01785327
       -74.73987949 
        -74.24761215
        -74.48713411
        -75.30695595
        -74.74192787
        -74.94428388
        -74.86526051
       -74.54057548 
        -74.26281254
        -74.78832239
        -74.88381495
        -74.79547676
        -74.78964142
       -74.72358417 
        -74.21779921
       -74.76752043 
       -74.72081776 
        -74.74289705
       -74.84381519 
       -74.23165877 
        -74.57500723
        -75.14181140
       -75.02157015 
       -75.07588675 
       -74.65470730 
       -75.37649346 
        -74.88085283
        -74.83229138
      -75.23254554 
       -74.94536775 
      -74.02018142 
      -75.02748482 
      -75.18788575 
      -74.77189634 
      -75.13936878 
      -74.74725576 
      -75.08763086 
      -74.53890258 
      -75.12466483 
    -74.54955639 
     -74.49514019 
