 -75.42384378 
 -75.42554307 
 -75.42290116 
 -75.41554846 
 -75.39694026 
-75.42001636 
 -75.42514429 
 -75.42036657 
 -75.42570934 
-75.41920540 
 -75.42643467 
 -75.41998783 
  -75.42503953
  -75.42425646
  -75.42528193
 -75.41880907 
 -75.42359580 
-75.42738210 
  -75.42160378
  -75.42396467
  -75.42361611
 -75.42327351 
  -75.42082340
  -75.41284765
  -75.41947693
  -75.42371828
  -75.42330261
  -75.41928855
 -75.42487626 
  -75.42633709
  -75.42650747
  -75.42730057
  -75.42125394
  -75.42656212
  -75.41853340
 -75.42408809 
  -75.42670963
  -75.42026479
  -75.42342928
  -75.41804278
  -75.42401337
 -75.42190626 
  -75.42377317
 -75.42285693 
 -75.41925088 
  -75.42238401
 -75.42522286 
 -75.42696581 
  -75.42176391
  -75.42491229
 -75.42265499 
 -75.41989374 
 -75.42189239 
 -75.42506446 
  -75.42320268
  -75.42106813
  -75.42733659
 -75.42608335 
  -75.42497771
  -75.42322353
  -75.42232192
  -75.42303728
  -75.41609581
  -75.42269726
  -75.42567173
  -75.41881166
  -75.42561010
-75.40421475 
 -75.42781905 
