    -74.94514914 
    -75.27735558 
    -75.14120867 
    -75.68401727 
    -74.69583698 
   -75.99468787 
    -75.31575575 
   -75.70461105 
   -75.26663385 
   -75.32538660 
     -75.17704792
     -75.82792011
    -75.17306759 
     -75.24299040
     -74.96428978
     -75.23812847
     -75.73316446
     -75.29382357
     -74.97257248
     -75.16177717
     -75.44386426
    -75.26927062 
    -75.64025442 
    -75.09784006 
    -75.24365524 
     -75.19196140
     -75.26555090
     -75.50527694
     -75.22804380
     -74.73583408
     -74.97545034
     -75.79539532
     -75.22962731
     -75.43261255
    -75.35296721 
     -75.02870251
     -74.75127909
     -75.27621644
    -75.37171568 
     -75.28282968
     -75.27782787
     -75.21149957
     -74.70560694
     -75.25520352
     -75.20833337
     -75.23069964
     -75.33202262
     -74.72009157
     -75.06298126
     -75.62996586
     -75.50962720
     -75.56347698
     -75.14237871
     -75.48695809
     -75.36865029
     -75.32006866
     -75.72100717
    -75.43367420 
     -74.50818770
     -75.51545403
    -75.67587958 
     -75.25977708
    -75.62668662 
    -75.23549084 
    -75.57589649 
     -75.02670379
     -75.61315669
     -75.03925553
    -74.98392937 
