-32.29650061
-32.37607463
-32.03744175
-31.8752889
-32.63422616
-32.23954448
-32.40339044
-32.45735036
-32.41140833
-32.64965558
-32.0358742
-32.07427005
-32.10954019
-32.11403937
-31.97856328
-32.34899964
-32.00033036
-31.74916059
-32.11457871
-32.1635307
-32.3768875
-32.29321421
-32.78266018
-32.48555429
-31.43710378
-31.96435782
-32.18484716
-32.01727781
-32.15539144
-31.49624456
-31.45048117
-32.15766422
-31.70855612
-31.905497
-31.51178437
-32.05461746
-32.21089959
-32.32235295
-32.18960728
-32.19444185
-32.16162792
-31.91009056
-32.17020758
-32.01402313
-32.19456798
-32.59475775
-31.76810921
-32.52330237
-32.2992432
-31.94321532
-32.44964358
-32.30963001
-32.50324832
-32.59124912
-32.08461701
-32.12377124
-32.0864033
-32.48862192
-32.05613947
-31.74747135
-31.94257367
-32.42967413
-31.77143898
-32.5060968
