   -75.90962952 
  -75.90703462 
  -75.90096187 
  -75.90581299 
  -75.89792278 
   -75.80647603 
   -75.79832959 
   -75.90990187 
  -75.90277462 
   -75.90724070 
   -75.90066604 
   -75.90727200 
    -75.90000849
    -75.87802261
   -75.89505980 
   -75.90016856 
    -75.90336245
    -75.90382697
    -75.91262371
    -75.90624359
   -75.89833131 
    -75.90358008
    -75.90536855
   -75.90124820 
    -75.80297735
    -75.89736888
    -75.90381495
    -75.90342914
    -75.90792891
    -75.90844799
    -75.89915559
   -75.90071747 
    -75.90284532
    -75.90228921
    -75.90948442
   -75.85486635 
    -75.90554332
    -75.90739379
    -75.82180025
    -75.90608179
   -75.90611050 
   -75.91105921 
    -75.88701092
   -75.90555590 
   -75.88310902 
    -75.89572958
    -75.90842406
    -75.89799212
   -75.90337138 
   -75.87266972 
    -75.88535743
   -75.85602571 
   -75.90397196 
    -75.90851498
   -75.90160851 
    -75.90139674
    -75.90615306
    -75.89396593
   -75.91043131 
    -75.88661310
    -75.90682766
    -75.90757804
   -75.90711986 
    -75.90445301
   -75.87366083 
    -75.90525984
    -75.90460502
    -75.90475707
