    -74.84225756 
    -75.20999277 
    -75.07297613 
    -75.67380343 
   -74.66703826 
    -76.02322681 
   -75.26364112 
   -75.70247018 
    -75.19800378 
    -75.27337597 
     -75.10447726
     -75.83327359
     -75.09978311
     -75.17680837
     -74.86715114
     -75.18229397
     -75.72476539
     -75.22585882
     -74.87319984
     -75.08928861
    -75.39708963 
    -75.21059477 
    -75.61867734 
     -75.03524302
     -75.18968622
     -75.12711689
    -75.20836893 
     -75.48481949
     -75.16381243
     -74.61263644
    -74.87721100 
     -75.78422886
     -75.17013044
    -75.38116355 
     -75.30632194
     -74.94133017
     -74.62216357
     -75.21913320
     -75.32579378
    -75.22912935 
     -75.20799281
     -75.13987328
     -74.57958201
     -75.19972694
     -75.14546001
    -75.17421199 
     -75.27317707
     -74.59332907
     -74.97547218
     -75.60878761
     -75.47812469
     -75.54092718
    -75.06789024 
     -75.45886012
     -75.32215201
 -75.26407230 
  -75.69760839 
       -75.385241
  -74.36383912
 -75.48025275 
  -75.66477652
  -75.20418738
  -75.61263257
  -75.16760191
  -75.55048156
 -74.94300578 
 -75.59516217 
  -75.04961513
 -74.88509389 
