      -75.90694223 
      -75.90824914 
      -75.90657144 
      -75.89505301 
     -75.87755191 
      -75.89882683 
     -75.90723681 
     -75.90129628 
      -75.90800657 
      -75.89910026 
       -75.91025446
       -75.90017489
       -75.90743329
       -75.90586960
       -75.90886397
       -75.89869699
       -75.90481943
       -75.91067488
       -75.90223281
       -75.90530358
      -75.90527280 
      -75.90530912 
      -75.90240439 
       -75.89003162
       -75.90098932
       -75.90512445
      -75.90454475 
       -75.89871448
       -75.90881097
       -75.90968738
      -75.90974012 
       -75.91060825
       -75.90239410
      -75.91008013 
       -75.90045780
       -75.90787680
       -75.91024838
       -75.90293292
       -75.90460477
      -75.89845099 
       -75.90668256
       -75.90258553
       -75.90636564
       -75.90411087
       -75.90128237
      -75.90463800 
       -75.90716922
       -75.91038454
       -75.90468681
       -75.90716941
       -75.90581292
       -75.90080654
      -75.90321815 
       -75.90473021
       -75.90543259
      -75.90310427 
        -75.9103902
       -75.90999650
       -75.90821289
      -75.90494085 
       -75.90434146
       -75.90461778
       -75.89576451
       -75.90590102
       -75.90848168
      -75.89985469 
      -75.90719017 
       -75.88336137
      -75.91170384 
