   -75.07091927 
  -75.20847266 
  -75.56723788 
  -75.07113768 
  -75.22055278 
   -77.36368971 
   -74.62714520 
   -74.77340009 
  -75.10974585
   -74.86335699 
   -75.27070921 
   -75.14340829 
    -75.89886288
    -75.85107729
   -75.53198810 
   -75.44618215 
    -74.77336620
    -75.01318449
    -74.98257554
    -74.53558020
   -75.11242459 
    -75.30505960
    -75.23025785
   -75.51209889 
    -74.81212148
    -75.22028846
    -75.27913919
    -75.18887042
    -74.73545779
    -75.17662338
    -75.45029137
   -75.15635957 
    -74.87662471
    -75.27808444
    -75.66638490
   -74.59752752 
    -75.01348599
    -75.02004400
    -77.06533160
    -75.03740515
   -74.64884786 
   -75.07006198 
    -74.56601883
   -74.83803602 
   -76.17123104 
    -75.23712233
    -74.34038735
    -74.81685170
   -74.68270366 
   -76.27527179 
    -75.92633457
   -74.61303052 
   -75.06450430 
    -74.98670388
   -75.20968128 
    -75.02481590
    -75.39603493
    -76.07048592
   -74.54561959 
    -75.16332969
    -75.07410452
    -74.29004164
   -75.01822711 
    -75.10581026
   -74.71726247 
    -74.71066916
    -74.75511576
    -75.21465806
