     -75.31614715 
    -75.68407641 
    -75.54695082 
     -76.14746407 
     -75.14202545 
     -76.49749697 
     -75.73746579 
     -76.17608513 
     -75.67205303 
     -75.74672857 
     -75.57877240 
      -76.30690021
      -75.57365805
      -75.65069949
     -75.34117377 
      -75.65547702
      -76.19867031
     -75.70041906 
      -75.34640970
     -75.56301075 
      -75.87082558
      -75.68415587
     -76.09252256 
      -75.50773412
      -75.66296057
     -75.60077608 
     -75.68191894 
      -75.95829569
     -75.63784014 
      -75.08668937
      -75.35135503
     -76.25864349 
     -75.64372313 
      -75.85531257
      -75.77977641
     -75.41515516 
      -75.09648813
     -75.69298077 
     -75.79967485 
      -75.70232739
    -75.68204413 
     -75.61366993 
      -75.05309444
     -75.67326225 
     -75.61870513 
      -75.64796751
     -75.74737558 
      -75.06766480
      -75.44918906
     -76.08286983 
      -75.95204082
      -76.01432971
      -75.54127041
      -75.93267480
      -75.79579392
      -75.73760012
      -76.17201671
     -75.85955871 
      -74.83719785
      -75.95407682
      -76.13867419
     -75.67792782 
      -76.08562731
      -75.64179919
      -76.02472570
     -75.41662609 
      -76.06972851
      -75.52594893
    -75.35989370 
